Epoch:10
mAP: 0.14746600526264933
AP_50: 0.2945982157345115
AP_75: 0.13644262539656904
AP_small: -1.0
AP_m: 0.00625
AP_l: 0.15186328167707797
Epoch:20
mAP: 0.16025961211468584
AP_50: 0.3110673043653459
AP_75: 0.1443022874589672
AP_small: -1.0
AP_m: 0.03833333333333333
AP_l: 0.16520382246008797
Epoch:10
mAP: 0.1253763585563032
AP_50: 0.23601718392739046
AP_75: 0.1073615236578017
AP_small: -1.0
AP_m: 0.009999999999999998
AP_l: 0.128587371175073
Epoch:20
mAP: 0.13489346487049378
AP_50: 0.2924628475030464
AP_75: 0.11037022973074524
AP_small: -1.0
AP_m: 0.19999999999999998
AP_l: 0.13868517258388785
